con led che si accende e spegne:

46.512108
38.074608
29.021873
20.760155
12.058983
3.094139

47.432968
32.227890
14.122421
48.150078
32.241875
13.960625
49.218750


senza led set100hz
41.326561
22.342186
7.576561


set100hz con led
35.863358
39.203201
22.591873
11.693436
0.091873
51.258202
32.976952
18.123436
6.433983
49.514374
31.233124
18.225311
6.535858
48.385780
31.159218
19.733437
10.504921
11.208046
47.872421
38.907578
25.460312
27.393906
14.034531
7.003281
41.030937
27.583672
14.751640
6.841484
